[missing3]
pointID = 0
time = Thu Sep 01 16:52:19 2011
x = -1.02889e+006
y = -1.69204e+006
course = 290

