
[missing]
pointID = 132
time = Thu Sep 01 15:03:14 2011
x = 1.45669e+006
y = 1.6973e+006
course = 290

[missing]
pointID = 132
time = Thu Sep 01 15:10:40 2011
x = 1.45668e+006
y = 1.6973e+006
course = 290

[missing]
pointID = 132
time = Thu Sep 01 15:18:30 2011
x = 1.45668e+006
y = 1.6973e+006
course = 290

[missing]
pointID = 132
time = Thu Sep 01 15:27:20 2011
x = 1.45667e+006
y = 1.69734e+006
course = 290

