[missing0]
pointID = 1
time = Thu Sep 01 15:22:07 2011
x = 6.57009
y = -2.38994
course = 289.963

[missing1]
pointID = 1
time = Thu Sep 01 15:22:16 2011
x = 6.5642
y = -2.43131
course = 290.324

