[missing0]
pointID = 0
time = Thu Sep 01 16:34:22 2011
x = -1.02889e+006
y = -1.69204e+006
course = 290

[missing1]
pointID = 0
time = Thu Sep 01 20:46:08 2011
x = -1.02889e+006
y = -1.69204e+006
course = 290

