[missing0]
pointID = 0
time = Wed Sep 21 12:44:03 2011
x = -5.91046
y = 0.668169
course = 290

[missing1]
pointID = 0
time = Wed Sep 21 12:44:37 2011
x = -5.91046
y = 0.668169
course = 290

