[missing]
pointID = 5
time = Thu Sep 01 15:04:37 2011
x = 50.3546
y = -2.39659
course = 290.021

[missing]
pointID = 1
time = Thu Sep 01 15:17:24 2011
x = 6.60141
y = -2.40596
course = 290.103

