[hit0]
pointID = 2
time = 1313752332
x = 10.2 
y = -86.35
course = 12.0

<<<<<<< HEAD
[missing0]
time = 1313762333
lat = 59.50.00044
lon = 30.20.61861
=======
[hit3]
pointID = 5
time = Wed Aug 31 15:55:57 2011
x = 29.4159
y = -77.7769
course = 269.857

>>>>>>> 8346c89c4f08f4231bf8ac736606ad623172ee05
