[missing0]
pointID = 0
time = Tue Sep 27 11:18:06 2011
x = -5.91974
y = 0.66831
course = 290.002

[missing1]
pointID = 0
time = Tue Sep 27 11:19:19 2011
x = -5.91045
y = 0.66831
course = 290.002

