[hit0]
pointID = 2
time = 1313752332
x = 10.2 
y = -86.35
course = 12.0

[missing0]
time = 1313762333
lat = 59.50.00044
lon = 30.20.61861
